min(A) =-2.90979 -4.18113 -5.72705 -4.19606 -3.48212
max(A) =5.43837 6.67851 4.85957 6.63827 4.80003
max(A.abs()) =5.43837 6.67851 5.72705 6.63827 4.80003
mean(A) =1.1121 0.889546 0.965457 1.52144 1.13874

Centering...

min(A) =-4.02188 -5.07068 -6.6925 -5.71751 -4.62086
max(A) =4.32627 5.78896 3.89411 5.11683 3.66129
max(A.abs()) =4.32627 5.78896 6.6925 5.71751 4.62086
mean(A) =-4.37428e-16 1.02141e-16 2.9754e-16 -1.57652e-16 1.15463e-16
