maxVariable <- 100
maxIndividual <- 20000